Peak | Initial center(eV) | Learned center(eV) | theta(deg) | gamma_r | gamma_l
----------------------------------------------------------------------
   1 |        3.550 |          3.621 |       62.7 | 0.1185 | 0.0105
   2 |        3.430 |          3.485 |        0.2 | 0.0173 | 0.0749
   3 |        3.140 |          3.171 |      179.9 | 0.0465 | 0.0465
   4 |        2.650 |          2.850 |       42.6 | 0.2632 | 0.0177
   5 |       -1.660 |         -1.661 |       25.6 | 0.1164 | 0.0241
   6 |       -2.530 |         -2.578 |      111.2 | 0.0214 | 0.0214
   7 |       -2.720 |         -2.732 |      106.5 | 0.0052 | 0.0098
   8 |       -2.860 |         -2.990 |        2.4 | 0.0068 | 0.0068
   9 |       -2.990 |         -3.190 |      144.7 | 0.3654 | 0.0236
